3 9 9671 9637 3840 986 6881 11859 9814 11757 1562 
3 13 9671 3677 3678 13726 9713 9697 6772 768 3588 6665 3471 10151 4274 
3 23 13344 873 3823 11841 10412 10439 10468 10495 4653 1485 10394 638 12384 9996 4594 12735 7422 4622 12429 1615 4464 7524 7552 
3 22 9450 6713 9653 870 689 3685 9825 6890 882 3687 6707 11654 734 3733 3702 9708 1436 9693 3806 718 715 6732 
3 38 12459 7462 3732 3712 6732 3906 11830 6909 9847 3878 6882 11782 6845 3824 6984 3957 13344 873 3823 11841 3925 11783 12054 10051 11927 10047 7202 1547 11975 1480 12381 1572 1584 7388 866 10489 9834 1843 
1 8 1547 10029 7012 7134 7138 10081 7045 3925 
3 17 7552 1453 10449 4565 10410 4510 1646 7797 7615 10586 954 1604 4508 1655 10461 9682 9450 
2 16 13344 951 11873 10343 7646 7588 6971 7547 9727 1445 4527 1595 4531 4437 9682 9450 
3 12 13344 951 11888 6823 9923 801 3829 827 6855 11760 11791 870 
3 19 870 689 3872 659 3853 6874 4442 11800 880 12405 6872 6885 862 9820 11799 3863 6882 3878 13930 
1 4 10909 10657 1582 9727 
2 22 5061 6987 12782 1927 5022 10861 3960 9829 5001 7485 12778 4597 12463 12346 4569 12305 7626 12697 720 10461 9682 9450 
3 26 7552 4535 1643 1528 12486 7628 10337 12341 1927 12782 6798 12728 5038 10894 10740 12791 10914 4796 7747 853 8115 4727 12303 11795 11757 9814 
3 29 9450 12368 6737 10339 10393 7539 1586 1678 9892 10676 3708 10606 4830 11772 12642 1827 3869 6887 1756 4668 4865 10662 12699 7879 4799 1651 10387 10483 9814 
2 24 4569 1621 12361 10717 7834 1352 4811 4740 10340 4586 12624 2102 12684 4975 12552 10645 10573 7821 12765 11814 4727 12303 11795 11757 
2 16 4865 10582 9695 12607 7721 4826 1414 4274 4328 3513 10271 7386 7315 10157 4428 1408 
3 30 9450 12357 12456 10341 10526 3699 1719 1866 6752 10618 3719 1752 10709 4759 10706 7880 4857 12572 4860 7779 1854 4838 1832 1690 10327 4747 10690 12155 7442 7315 
1 5 6767 1734 12550 6827 1866 
1 6 12361 7607 12365 4590 1527 10339 
1 3 7259 1214 1420 
2 31 1408 4413 7853 4343 4877 4765 3706 10684 11440 10611 12603 1788 3721 12688 4872 4426 4875 11571 13094 7794 10718 1782 4869 1299 9480 6510 6676 9634 3661 3635 3778 
2 3 6710 11656 689 
3 17 6710 9667 722 774 3763 3775 6797 9580 605 3608 6630 3778 4270 4345 9601 7291 12149 
1 4 11654 749 3763 3775 
1 3 9724 9711 722 
1 6 3775 9583 9585 11728 3640 6510 
2 8 1299 11902 7875 1764 10700 4419 12223 12149 
1 13 4345 4417 10320 7433 10174 12221 1282 4342 4285 1424 7304 7644 7361 
3 10 4345 4417 10320 7433 1284 12291 4362 7379 12289 4285 
1 3 4430 10244 7644 
1 6 4877 7761 1737 1323 4870 10548 
1 3 12291 4305 4422 
1 4 12149 1356 4769 7807 
1 7 4765 7787 515 6726 9669 4739 10611 
3 8 13726 710 1601 4607 12399 10591 10651 4865 
2 16 1965 12755 15927 2011 13430 15933 10172 12804 10853 8003 13437 10916 10830 2037 8097 10740 
1 5 12897 12850 10916 4898 1945 
2 5 5021 12721 12835 7973 8003 
1 3 5015 10769 12835 
1 5 12835 13438 2060 15936 5061 
1 3 10172 4956 5021 
1 22 12833 2069 8012 10765 4908 4977 1945 8057 10895 12873 12746 2051 13089 13429 4887 15927 12755 1965 15926 13425 12810 10889 
2 8 13433 12715 4904 13422 13420 12867 2021 10889 
2 4 12753 13416 13417 10889 
1 5 13418 15921 15924 13421 1965 
1 10 7622 13294 10498 7451 10374 13291 4476 7546 12347 7590 
1 7 12753 15778 10842 10886 15777 15779 13085 
1 6 15777 15788 15787 12823 15783 13093 
1 2 6880 3790 
2 10 3790 3866 980 970 11805 3861 3798 9787 889 9817 
1 3 13087 12878 15771 
2 14 2089 15699 15698 8001 15701 13306 10876 7994 13633 2097 3795 1600 10106 10804 
1 6 8123 13305 3795 12372 12413 1631 
1 3 10876 12839 12372 
1 9 4959 13929 12832 10797 15709 15718 15721 15719 2089 
2 15 1636 7604 1822 4943 10523 15738 7969 10837 12818 12704 12748 5073 1888 2000 4958 
1 8 15718 5005 1922 15729 12756 1982 15715 10837 
1 9 4959 10881 13369 12780 11249 10759 10873 10890 1888 
3 17 12756 15713 2026 1963 10828 11249 12809 2070 5075 8013 5105 13942 13941 7847 10813 10735 1971 
1 4 10759 15712 1963 4928 
1 3 2065 15732 12756 
1 2 15732 7953 
1 3 1922 7953 15728 
1 4 1982 15735 8040 15734 
1 4 1888 7990 2062 13920 
1 5 15610 15611 15612 15613 2089 
1 7 4111 13310 4550 12442 7513 3942 1634 
1 9 1088 7140 12473 13235 1606 1634 1578 1549 10804 
1 4 10087 1056 1072 3942 
1 7 10087 1108 15607 13262 792 11919 15604 
1 4 4111 2007 15605 792 
2 3 13851 13850 4206 
1 6 7176 11970 13377 4206 1201 1065 
1 2 13853 1201 
1 2 13224 4206 
1 4 13845 13846 4017 4591 
1 5 11976 4591 4574 7151 13852 
1 5 8073 13360 13299 12883 2033 
1 9 12702 5024 12727 9607 12870 8004 2090 5037 12883 
1 9 8101 10901 7970 2057 5027 4968 12813 7995 12727 
1 2 4974 2057 
1 4 4968 10923 10850 1955 
1 2 4073 7011 
2 11 11964 10005 7011 12004 4143 7188 7030 10028 1151 12071 11999 
1 4 10097 7073 12071 12889 
1 11 7011 10073 7164 4076 4145 1071 11910 10061 11967 9989 7079 
1 5 7216 10031 1068 4055 7011 
2 11 11747 11784 3907 6808 3951 3786 11811 11829 9833 922 11842 
1 4 904 3905 6908 11747 
1 7 3951 11831 856 785 9921 928 4112 
2 16 11747 804 3862 11826 919 9777 9761 3950 6919 11797 9954 11853 13395 789 7454 3653 
1 10 1636 864 12318 10497 3870 4512 11759 9860 6965 3950 
1 3 1578 11871 11759 
1 6 12473 13236 9893 9912 7620 11759 
1 6 11746 11810 961 921 3807 3862 
1 5 940 11860 6877 909 3907 
1 4 6995 6978 11897 11826 
1 2 9878 6877 
1 4 7788 12680 7758 12505 
1 6 11842 11905 11774 9791 6990 11818 
2 10 11818 3526 10163 3844 3973 863 3864 976 1109 4109 
1 3 9837 966 3844 
2 7 4109 7211 7096 4078 11965 1173 4193 
1 2 4193 7211 
1 2 11786 863 
2 7 9902 9888 6814 6952 6982 3971 949 
1 5 6990 6857 9818 3908 949 
1 8 9783 649 9769 6842 3819 3952 3971 949 
1 7 11842 9888 6967 6842 9612 6658 9617 
3 19 949 15631 965 11754 3630 6652 637 3639 3636 9617 11603 6677 9635 687 3701 6727 6743 13226 13227 
2 13 9837 11856 3865 3882 9874 6940 9890 15682 3939 3984 9599 15688 11586 
1 6 949 15631 11857 15679 15680 9890 
2 6 11586 15692 614 9606 646 6682 
1 6 15688 15691 11580 15693 619 3623 
3 10 3623 619 3617 15694 11787 9606 11592 6667 3645 637 
2 11 3623 619 15662 11577 606 15655 11741 11899 953 11845 6889 
2 8 11741 6799 11572 9588 6619 9586 3974 3924 
2 13 619 15663 6647 9595 15664 624 15669 11581 15672 15667 6650 11564 11735 
2 4 596 3654 15671 15667 
2 5 9914 15638 9780 15640 9809 
1 6 9809 15649 15651 937 3956 3984 
1 5 6619 15661 3596 15669 11581 
1 4 3601 3592 15672 11581 
2 4 6626 599 15666 11564 
2 3 3631 9627 6650 
3 10 9617 3663 9651 11652 6706 3724 3707 11686 13227 13228 
3 17 3663 11619 690 3676 11639 676 3694 6711 3709 3696 713 746 6571 9425 11411 491 11479 
3 12 690 3689 11672 3741 744 6584 9548 577 3562 438 3483 6557 
2 4 6711 693 9640 6682 
2 7 6711 6714 9672 6731 9685 3728 744 
3 8 11520 3713 6716 716 9660 11625 6670 3623 
2 5 9660 6703 9676 6720 3700 
3 4 3696 11644 699 6716 
2 5 11644 11646 6700 11625 9660 
2 8 11581 9611 15675 9624 11610 3680 6703 9660 
1 5 15675 3670 3683 701 6703 
1 2 3670 11627 
2 5 9660 9690 15624 11522 11539 
3 12 6626 628 11584 3604 603 3776 773 3780 776 3782 6780 9745 
2 4 3780 9584 6661 658 
2 4 3780 607 6635 636 
3 7 9909 11891 3772 6788 3773 11726 3780 
2 5 6788 771 9741 11730 6780 
1 2 771 11726 
3 17 3776 11734 6606 782 9924 967 925 11790 9838 6831 3966 6939 883 6843 9784 11837 11998 
3 7 11584 9582 6793 6606 15963 15964 6973 
3 4 11584 6656 3657 6673 
3 5 603 9598 11598 9630 11618 
2 4 603 11568 969 3780 
3 20 6788 6973 6946 11833 6875 6862 11751 9904 11846 923 9826 819 955 851 3968 10027 3901 12066 9990 4159 
2 5 782 11889 9907 910 11833 
1 3 9904 9794 11790 
1 5 9794 6926 3885 11861 967 
2 5 955 3958 6972 9856 11837 
3 5 10074 3857 1156 4159 4014 
4 5 557 3718 6739 704 3700 
2 9 6673 668 3675 688 3684 9665 11651 704 13297 
2 6 3657 6673 3674 6687 6691 11651 
2 3 9648 9679 6691 
2 5 9630 11618 673 11634 3675 
2 4 6680 6678 9636 673 
3 11 3684 6708 6725 9515 3299 571 11544 9416 3474 482 6524 
2 3 688 707 11634 
3 9 707 9652 692 3705 708 3690 11499 9517 6568 
3 5 663 3679 694 519 9517 
3 11 9638 11640 3692 6712 6542 3530 6568 589 6488 3397 11445 
3 5 692 3705 6540 561 11544 
3 5 6488 11560 11547 11531 3629 
3 5 11544 9572 11417 11445 9524 
3 10 11547 3423 11470 3547 587 3444 15742 6500 6496 15753 
3 2 3547 3488 
3 22 6390 6282 14016 14015 11505 14012 6441 11545 11481 3535 6582 538 6524 3500 3561 9524 564 11431 9443 495 6469 587 
3 5 6521 11505 9428 9496 11415 
3 6 11481 6559 514 573 9535 6595 
3 9 321 14020 11276 268 3367 375 14014 14015 11505 
3 5 9388 14019 3258 11444 14015 
3 8 9515 3541 532 5283 15625 9541 11525 569 
3 7 571 3571 9555 15628 6418 9421 11542 
2 5 587 6570 529 9486 6488 
3 7 375 3499 14013 3522 11468 14009 3561 
1 2 3499 6521 
1 4 6582 6487 14011 3522 
3 5 11276 9294 9264 6218 6377 
3 4 321 11305 9320 9347 
3 4 11366 3231 3368 9347 
1 3 6389 11331 9320 
3 12 9403 9281 11233 11388 9509 405 3395 6377 11493 11402 9375 3522 
2 7 13598 3326 13366 6349 3271 6263 6218 
2 5 3271 3234 309 336 241 
2 5 495 6535 11388 247 309 
2 6 336 11264 9281 11346 6622 6469 
3 6 11481 9471 3585 15630 6440 11542 
3 7 3718 557 3569 569 11556 9429 11542 
1 2 15625 9421 
3 6 6739 9692 9539 15626 3484 11539 
1 6 11520 6573 3581 581 15627 11539 
3 9 11691 3565 6573 9537 555 6561 15624 541 9692 
3 5 11539 9551 6590 6562 3569 
3 6 6562 3553 583 15629 9429 11542 
1 3 6590 9567 11467 
3 7 583 494 3485 15615 6512 9511 506 
3 5 11542 9414 11401 3514 9535 
3 11 11467 506 11532 3482 467 3544 524 402 9544 11466 3392 
3 4 6595 552 9570 15615 
3 8 3544 9400 9508 11428 9546 6462 3283 9570 
3 3 9427 6464 11467 
3 3 9427 3586 11532 
3 10 9570 3510 3460 6558 3532 444 9387 11478 3473 11415 
3 4 6390 6309 6236 9387 
3 8 6309 9277 9306 11372 15621 11316 389 362 
3 8 362 389 3324 3295 243 3381 17 6558 
2 5 243 6401 493 548 9508 
3 6 3295 6347 6321 6259 6567 3544 
3 4 3581 3410 11413 9427 
3 10 3410 6499 6522 11357 9468 11479 9558 9454 572 474 
3 14 467 3458 562 11399 9521 9452 11441 3412 474 3496 560 6280 11341 9304 
3 29 4640 11443 11127 11426 3152 567 83 3174 11291 9317 9240 9340 6222 3525 6322 3296 3319 9262 6314 9499 3288 348 395 6332 11245 6375 9346 6347 3295 
3 6 6375 9372 15618 11386 400 3393 
3 5 9372 11274 11301 11247 3392 
3 10 15618 9327 11312 3272 6296 9404 11498 11226 11358 310 
3 8 11247 3281 6306 3309 9304 9236 11216 11370 
2 4 636 9618 9620 9638 
3 3 6680 11623 663 
3 4 658 661 11601 663 
3 8 663 11604 9620 9622 6666 6639 9590 6613 
1 2 9622 3666 
3 11 9909 3928 911 11834 11849 11877 9898 6960 3946 9853 9824 
3 9 11877 9728 11716 6786 6613 641 3650 817 9642 
1 3 9622 3666 9642 
1 4 9745 6609 6784 6639 
3 15 11506 11518 11549 13011 3546 3560 9559 11502 3629 521 9503 678 698 6698 9642 
3 4 678 6529 11516 3629 
3 7 817 3652 680 3669 9490 11491 11506 
3 5 680 9505 6955 11488 9559 
3 12 743 9710 6777 9737 11565 9597 6657 11600 11616 11465 9510 6536 
3 13 3552 6572 9525 11508 527 503 9478 3671 6533 512 6547 9523 11506 
3 5 9434 11563 6569 9534 11506 
3 3 11420 6585 11506 
3 5 11483 6504 454 9561 11506 
1 3 11548 9500 6504 
3 7 6547 539 553 6599 11535 3579 6449 
3 8 743 11697 11699 3749 6766 3948 9723 6960 
3 6 9737 11565 11720 6775 11702 6766 
3 10 11565 6792 9751 620 3626 651 9629 11631 3493 512 
1 4 11702 11718 6618 620 
3 3 3594 11593 6613 
3 13 6960 760 6770 769 590 11576 6644 6688 9644 6518 9725 9523 11506 
3 7 3671 3476 651 3655 6644 9609 3594 
3 6 11565 595 11582 629 3659 3671 
2 4 9559 6583 11435 11470 
3 8 11483 3576 15752 6598 11419 15753 15743 9498 
3 11 6446 6560 15752 12222 516 15750 13068 11519 6537 3488 3547 
3 5 11519 3516 9536 11606 454 
1 2 9444 3516 
3 10 336 11360 15748 9335 6336 3314 68 15747 3211 9498 
3 5 9403 6286 6241 391 15747 
3 6 6496 11456 6241 6286 15754 9335 
3 6 11366 11251 3325 3260 6393 6287 
2 5 11251 3277 6364 6235 394 
1 2 3277 399 
3 16 12038 4065 10109 10024 4098 962 6959 6906 9896 6817 3873 6966 6812 9764 854 9824 
3 7 6906 3799 3891 3945 11742 9852 3938 
3 6 6906 3799 871 7213 11737 3816 
3 6 9764 9797 6836 11793 790 3816 
3 7 3816 790 11793 11821 915 9882 11699 
3 15 743 6756 740 11688 9703 6749 11707 9719 6764 3761 758 9689 6734 11673 9817 
3 9 3816 6878 6903 3902 885 11806 3820 9767 3938 
3 12 4135 7153 10009 4182 6744 875 3871 6896 9778 11863 858 3938 
3 7 3938 6993 9785 9933 948 813 3816 
3 7 10024 1093 9903 832 942 9757 9852 
2 4 6906 6856 11884 9903 
2 6 832 11812 12083 1192 11956 12038 
1 2 1176 11956 
3 10 1048 7183 7098 6954 809 3930 6948 3986 896 3938 
1 3 7183 1178 875 
3 4 740 738 11854 885 
1 10 6896 6832 6948 985 9925 6902 3926 844 924 11805 
1 6 6954 11798 11851 3846 6986 844 
3 5 3938 3794 939 3874 6867 
3 5 885 6936 11825 9846 3874 
1 4 889 845 874 6867 
1 9 6734 9686 11677 11840 3725 3727 726 3729 11707 
1 4 3727 3918 918 11825 
1 6 985 11780 9917 11756 794 6867 
1 3 3945 6879 6993 
3 10 6300 9383 9392 11378 11299 351 11270 9332 9379 9315 
1 5 11270 11317 11297 9250 9322 
1 3 11136 3150 6300 
1 4 9075 11306 159 6300 
1 2 3273 9383 
2 5 11218 219 9285 364 9379 
2 3 6384 6318 9315 
3 3 3501 13070 11333 
3 5 322 271 221 11374 11333 
3 3 9458 507 11333 
3 7 377 3241 7239 9297 11345 6237 9315 
3 5 11333 9239 6221 6270 9297 
3 7 540 3463 9562 9484 6351 6103 507 
3 3 3369 11471 6103 
1 3 11361 407 377 
3 6 11333 11221 296 9322 11279 6237 
1 4 11345 3301 311 6363 
1 3 271 11253 296 
1 2 6221 11471 
2 3 11218 6320 3273 
1 2 13058 12512 
1 3 12674 13690 4861 
3 11 7394 11267 9310 3342 11293 3359 3242 3379 3329 276 385 
1 3 6289 6313 9310 
2 5 9369 9255 11287 369 3359 
1 2 3342 285 
1 3 11287 303 3342 
1 2 3396 11287 
1 5 1742 1755 1820 1322 12446 
3 11 11750 3787 3843 810 6811 12482 10503 9782 10433 7582 4506 
3 35 957 6989 11750 6684 664 6686 11643 10466 12189 4805 12261 4246 7801 10655 4725 7763 12657 10678 7851 12543 4832 12556 10643 1826 7751 10658 12644 7835 10528 4837 1762 4797 12540 10661 10562 
2 28 9604 4404 9733 1343 12136 12263 12638 7748 7616 4829 1724 1807 12591 10667 10608 7844 4821 12565 1666 10583 7759 12506 12575 10524 10596 12647 4815 10661 
2 3 12189 12192 12263 
1 2 4246 7616 
3 9 4821 7785 12543 7848 10675 4809 7873 1847 1588 
3 8 7801 10698 1732 7767 7897 4592 1645 4506 
3 24 10562 7713 4818 12691 10639 10712 7886 4793 4789 12536 4866 7274 7825 1860 1733 12679 10696 1709 7800 4780 12521 1294 1775 1292 
1 10 12691 12563 10649 4711 1816 1685 1369 4665 10652 7274 
1 4 10627 4680 12625 10562 
3 5 9221 6178 6381 496 3152 
1 5 9240 9501 3388 6408 9221 
3 5 6314 3354 9483 6342 6222 
3 7 9483 6376 6229 6360 6296 327 3320 
3 4 9340 10323 7482 310 
3 3 3288 3337 6360 
2 6 6376 530 9374 9246 11358 310 
3 6 9221 592 3298 222 341 310 
1 3 3393 9274 3320 
3 9 3393 3366 6359 9304 3759 11313 304 331 3350 
1 4 6296 9357 9438 9374 
1 3 3393 6281 3272 
3 12 3320 6340 277 11370 216 386 3350 6373 6319 9249 3507 9568 
3 5 310 233 9341 3267 11370 
1 3 9558 422 3412 
3 6 572 6557 6509 3457 6429 476 
1 3 11670 741 13226 
1 10 1826 12641 4677 4719 7697 4852 10567 7894 1588 4506 
3 4 572 11543 3470 6593 
3 4 476 9533 11514 6593 
3 4 11514 550 504 525 
3 11 13227 754 3757 11409 434 409 3452 488 11454 3494 525 
3 12 657 6677 11636 11652 9701 6747 9716 565 6600 13228 9423 476 
3 6 11670 3738 11703 11546 3403 3452 
3 6 560 11503 535 9554 11477 6593 
3 5 11477 9466 9568 3543 525 
3 11 6380 3391 6348 3377 3308 11347 6262 3292 11242 9411 9355 
3 33 6174 6197 117 11109 9234 320 9331 11234 9287 3344 9242 3321 9333 2999 11315 333 6245 9256 344 3259 6380 6414 9348 9282 9395 9330 3356 6279 6230 6398 6341 413 3527 
3 58 306 3362 6387 9399 287 11349 11326 366 9302 11282 6380 301 3290 9235 11217 283 3275 3387 3322 9407 11344 3303 11375 6327 9325 3383 3282 9259 11356 11243 6338 260 9336 3251 3300 6388 6278 12244 1365 390 4372 7375 11228 237 4758 12567 1821 307 12102 10189 4824 7846 7774 3472 10600 12652 4700 10696 
3 25 352 3345 11369 274 3327 3391 6380 9378 9278 6356 252 121 11166 9188 6143 11213 9131 11189 9207 81 11083 11165 9107 172 3140 
3 11 9554 215 3293 6373 3378 6233 9247 11230 236 6305 352 
3 7 6373 6344 9288 546 3568 489 525 
3 5 11230 9396 11298 9342 9288 
3 32 3452 3468 6495 11504 3557 11397 418 6481 6543 3580 457 3554 9579 11396 413 9448 11540 6428 3566 471 9422 313 3332 6353 6382 9409 9258 9286 6391 11262 11394 11344 
3 8 11504 9413 463 11425 11489 6458 11557 525 
3 9 3403 9573 11561 9419 11422 11437 9463 511 11504 
3 14 11437 453 472 3449 6776 6474 6505 6519 523 11513 3567 11412 11475 3527 
3 11 11546 11683 3755 737 568 3722 705 3686 6704 9677 9680 
3 3 3722 6724 9677 
3 10 463 522 6565 11553 3225 288 3306 3335 3226 6305 
1 4 11409 9451 6497 504 
3 10 9342 11229 315 343 288 6330 6254 580 11526 3580 
3 7 3580 9260 9328 9355 9384 6411 3335 
3 2 6420 6776 
3 16 418 3531 6530 502 3466 6474 6493 9430 9417 11418 449 3478 3489 9474 6527 3529 
3 12 11230 3278 9351 223 306 3247 11353 11241 9323 6371 6220 3267 
2 13 3378 9289 3331 11220 11241 323 6293 11234 207 9254 11392 6324 11202 
3 7 592 415 11202 9408 9120 126 4640 
3 11 126 104 11186 9097 6174 3151 3060 9100 9206 3061 9183 
3 32 9313 6315 6262 11347 3236 246 11300 274 335 11384 6303 11349 9343 3215 6245 3323 9046 9144 11039 231 11205 121 3220 346 11338 378 9311 214 283 11314 11248 3356 
3 2 9313 3356 
3 4 287 6367 3235 9287 
3 6 11202 11097 95 3089 11072 117 
3 14 3151 149 11068 9197 70 11174 3140 6131 194 9177 11154 3176 6022 6245 
2 7 418 9556 3409 11439 9489 473 11475 
2 7 3580 11244 11283 328 356 3346 6398 
1 3 6174 79 11068 
1 7 6174 11080 181 6139 3053 11097 11202 
2 10 3151 149 9105 3050 6150 3187 6052 9078 2994 11159 
1 3 9206 11162 3050 
1 8 117 71 6154 11191 110 187 3101 3176 
3 8 3220 3116 6135 6358 11252 6370 9389 11375 
3 31 3356 11294 314 9376 3257 11363 6329 9324 6291 6248 9258 11269 11240 257 3196 3246 6226 6275 11225 11348 393 3357 3330 6379 10299 12128 4322 1254 4294 7370 10253 
1 6 6398 9394 9367 11323 11296 471 
3 9 9422 11408 9564 3539 11485 9436 3582 9504 3529 
3 4 9564 11551 578 3578 
3 28 3567 6591 3540 9565 6566 9516 533 9504 3529 498 3487 3461 9440 11579 9735 9753 757 6758 3726 6748 700 6701 3668 4463 7624 4458 7495 7661 
3 16 9417 11559 9744 765 3752 3734 3760 719 717 3698 9663 11647 11617 11599 772 3653 
1 2 719 11668 
1 3 3734 11729 11668 
2 7 3734 3720 3717 6736 6738 9674 11617 
2 25 3140 57 152 9190 6057 90 11159 9118 6094 9231 157 3071 6096 170 9195 3189 6029 3121 6181 178 11031 11117 3134 11183 9140 
1 3 3121 11181 197 
1 9 9195 94 9045 9055 11038 3092 3168 312 3338 
1 8 9131 9199 75 72 9130 3130 6102 312 
3 7 3529 3555 6602 6506 9475 6539 3578 
3 13 3653 3656 6669 12441 12380 12320 6642 1467 1610 4477 4614 1536 7661 
1 3 9715 1610 11645 
2 7 3668 6689 1455 6436 4534 1599 12380 
2 6 1455 670 3672 683 6730 6748 
2 8 1455 670 11609 9628 9632 9626 672 11599 
1 4 9632 1530 6671 1599 
2 10 9674 9691 714 11678 6753 9707 11694 9722 9739 11724 
2 13 6748 728 11690 11693 6750 11694 3748 748 9688 9742 6781 6768 3752 
2 5 6750 11661 6733 6674 3672 
2 12 11579 3597 9594 3774 759 11724 6794 9581 6468 3443 6490 3478 
3 9 3578 11523 9432 11421 6502 6339 9365 9243 11225 
1 3 4793 12631 1685 
1 21 11375 9368 270 3261 3349 9270 6372 9050 11149 9370 6124 9146 9192 11193 10200 3000 12587 4298 12558 7898 12393 
2 7 11225 339 6404 11273 11339 372 6338 
1 31 9753 9592 3622 11578 615 6498 9469 11469 11442 554 11480 12254 4254 10253 12294 1314 4227 4374 4300 7243 7600 7657 12329 10508 12487 10506 12658 10603 12583 1825 4316 
3 13 6379 1350 7343 4283 1305 1278 12117 10142 10329 1233 9292 1327 1292 
2 6 6278 7403 6246 6285 291 1278 
1 7 6124 272 3139 6297 305 6217 6278 
2 5 1821 10133 12287 7285 9292 
1 3 12102 12106 1292 
2 12 12128 12298 1210 1406 4261 4215 7281 4411 7401 12229 10213 9292 
1 5 10253 4394 7313 10224 7281 
2 16 1816 7822 4800 10531 12427 1864 12564 4674 12635 7784 10680 10550 10619 10547 10146 12583 
1 7 10506 12340 4686 1459 10187 1919 1384 
1 15 12583 7706 12640 7682 1459 10348 7777 7507 1554 4488 10470 1649 10414 8099 12333 
1 7 7477 7563 7635 1493 7618 12465 1649 
1 7 4958 5003 4549 1632 756 12722 1384 
1 5 10414 10357 7560 4958 4893 
3 16 11105 6144 9167 3137 3025 6138 63 3172 66 195 11121 158 11164 11125 3193 11115 
2 6 3122 63 9166 9160 6163 3137 
2 5 3083 9094 11172 11066 9167 
2 3 3117 32 3025 
2 9 6144 67 9183 165 3013 37 6033 11141 141 
2 5 141 6078 132 6081 11121 
1 4 9160 9056 9163 141 
2 9 11141 9104 3125 9106 9233 82 3026 11041 158 
2 4 11125 124 9189 6076 
3 11 9279 6345 9362 6412 3307 383 295 11070 69 6028 11114 
3 36 6345 9300 9410 242 11311 11289 9393 11380 11082 161 6050 9149 3182 11091 3045 11147 11040 9151 205 130 9088 182 3113 6132 11201 9143 6083 9108 6165 9186 9226 11155 3095 101 6055 192 
2 6 9410 11280 363 299 6148 11289 
2 8 295 3375 3063 6164 9209 9185 11188 11082 
2 12 69 11151 11184 6115 14 9174 6151 9096 11176 9296 11367 6176 
2 22 9185 3106 11197 156 9173 6023 11209 11123 3108 46 3039 11148 184 11069 3138 11 3003 9211 11102 3179 6206 101 
2 4 9173 3148 9117 11091 
2 9 205 6126 3108 9154 6129 11049 3111 6038 3022 
2 6 6126 11129 6063 11185 118 3113 
1 4 3108 9035 125 11147 
1 7 6115 9204 6080 3059 9170 6145 122 
3 9 6115 9103 9157 11028 9227 11206 6118 3022 21 
1 5 11206 6114 3093 102 9127 
1 3 11215 363 242 
3 9 6115 11078 3007 9138 11114 3141 11044 6084 9185 
1 4 9157 11135 9032 6114 
2 9 756 10406 10852 475 13924 10737 12831 10826 13949 
1 17 10406 12877 10896 10476 4893 13922 13921 13920 1948 2078 4949 13918 3119 10789 12769 6186 10737 
1 4 13918 13917 13944 5105 
3 14 3456 10108 4110 7084 1971 10898 8007 9084 8106 10887 4979 8022 12763 4558 
1 4 10735 7903 10139 8106 
1 3 12763 4998 8106 
1 4 9084 12822 12005 10887 
1 7 4979 13960 13962 13313 13974 1910 12763 
1 2 12822 15897 
3 28 1762 7717 12605 4801 13339 7752 1787 4856 1723 12331 10424 7631 10507 12432 10480 1137 6904 9843 6969 881 9905 814 3881 934 3934 9788 6951 11771 
3 14 1150 6851 3783 964 892 987 11771 11808 916 4642 4572 4503 4633 4506 
1 10 11771 9885 3895 3839 3970 6981 11835 912 9790 4052 
1 15 12482 3791 9766 973 9897 6944 898 6822 959 6922 3852 3981 6928 10083 4052 
1 6 912 9918 6860 6910 6804 9885 
1 12 4052 7171 11770 3912 11775 6963 9803 6905 9866 3932 1567 4572 
1 12 6922 11878 3803 3860 11823 927 9883 946 9913 11864 7591 9782 
1 3 6928 848 13223 
1 5 4052 10065 11915 9981 12040 
1 10 14033 7125 14030 7204 11977 13396 14026 13220 10110 11948 
1 3 7125 4107 13343 
1 5 10110 14025 4126 7175 7204 
1 6 4056 14027 14028 13222 1081 11977 
1 7 7125 14032 10036 9936 4103 12089 13222 
1 3 12011 7021 11958 
1 4 11808 887 3888 9866 
1 4 4572 11744 7523 10433 
1 7 6989 3977 783 973 11893 9928 9913 
1 4 7897 12618 1847 10567 
3 12 987 9781 11764 9835 6837 11886 3900 1052 12043 10068 11822 9843 
1 3 814 3814 11886 
1 3 6951 11815 9835 
2 9 4633 930 9831 11836 4514 3828 11855 7633 3881 
1 3 11836 6893 9788 
1 2 930 916 
3 34 952 6904 1137 6828 7000 4190 12062 4538 1519 1531 1034 7208 8049 517 4939 5025 6638 1630 12732 12327 5100 2028 5076 12596 4947 12524 10614 12656 4709 10674 1783 7866 12601 10619 
3 28 10068 4137 11944 10119 1084 1069 4037 10043 7025 12055 1121 1161 1001 10008 4148 11913 11982 1089 10076 12052 7014 12076 4042 7191 11991 1096 7058 9974 
1 12 10018 4186 10000 1184 12074 4089 12093 10119 11980 10003 4032 4190 
3 19 12732 2022 556 1933 10733 12156 5007 12713 1603 1004 9958 7656 10098 9995 11973 1121 1076 4082 4031 
1 10 7631 4525 2087 10629 8055 10724 8127 7511 5057 12732 
1 5 11913 996 4105 10101 7191 
3 32 7191 10014 10086 7174 7007 4185 4038 3992 1628 10114 11988 1640 7097 10517 7101 7279 4896 10822 9939 4141 4431 6999 7240 4925 10132 1257 5193 4403 4313 11448 4888 12732 
1 7 1319 12841 5072 11972 12705 1395 4925 
2 12 1603 4547 12408 7418 4167 2091 12274 8026 4925 12141 10841 4999 
1 4 4167 10257 2006 10733 
1 12 10822 1474 8095 10616 4504 4192 7606 1319 4559 7965 12898 10863 
1 5 10616 7549 7521 10039 10404 
1 3 994 11990 1070 
1 9 4160 7135 11981 10105 11983 7044 4152 7168 10404 
1 4 1047 11941 4092 4152 
3 9 10404 12407 4125 10377 7502 12483 7097 9999 12467 
3 17 1047 7108 4050 7067 9978 9938 7182 10054 12084 7131 1166 10042 4070 9944 11920 12059 11991 
2 9 11941 10080 9970 7004 4183 7199 7172 4083 3992 
1 4 9970 9982 12350 7502 
1 5 1469 7137 10050 4028 7044 
1 5 4504 4532 4085 10459 4656 
1 4 1319 7446 4501 1522 
1 2 6999 12705 
1 3 1630 3742 8081 
1 10 4141 10304 12414 5030 10757 1612 4130 12467 4619 7637 
1 11 1612 9934 4009 7459 12012 10364 9958 1139 1180 4634 1519 
1 5 4009 10474 7019 8072 7418 
1 5 10304 4041 11865 10144 7418 
1 7 1628 7637 7035 1083 10017 7222 10008 
1 11 4070 1066 7007 12019 11937 12061 10017 10064 4079 10079 9995 
1 6 7071 12084 1006 10112 12030 7199 
1 5 9938 4165 1078 4081 10112 
1 5 4196 1166 1193 10084 12030 
1 5 9934 10462 12426 4158 10064 
1 10 5033 7926 10918 12899 4914 7940 12846 4536 10490 12732 
1 3 4536 12815 4313 
1 9 4316 1766 2015 7949 4682 7702 4770 13440 4709 
2 7 4682 8086 10885 1943 10315 10865 7940 
1 4 1943 2074 1698 12596 
1 5 1139 4144 1169 7092 10003 
1 5 12068 1091 11959 7214 7186 
1 7 7069 10070 15601 15603 1194 10113 13260 
1 5 7069 15595 15592 4139 15584 
1 5 10070 15596 15600 15599 6121 
1 5 6121 7173 15598 1111 15602 
1 3 4108 13471 15584 
1 4 3447 7132 4150 7008 
1 3 7008 13074 12842 
1 3 13074 1126 2049 
1 6 7132 11923 1013 9964 1145 11939 
1 4 11939 7166 4046 10059 
1 4 10059 12034 9943 8077 
1 5 10059 7065 10078 12051 7081 
1 2 7081 1160 
1 3 10059 12888 5035 
1 2 12842 10731 
1 3 1160 4163 9994 
1 5 9994 11969 10091 7162 11921 
1 3 11921 10026 11935 
1 6 9994 1046 15760 4061 15759 11935 
1 2 10026 7005 
1 3 11935 15758 3987 
1 4 1149 4194 7209 9980 
1 4 4047 10046 10117 12088 
1 4 1127 4120 11954 10123 
1 3 4136 1130 9992 
1 3 10046 7136 12866 
1 2 1149 1189 
1 3 15602 7116 7958 
1 2 7992 15562 
1 7 7992 14132 14131 14129 10779 14133 14134 
1 5 7972 14097 14099 14103 12710 
1 2 4948 14099 
1 2 14104 14103 
1 4 7972 11870 14096 14092 
1 2 14092 6914 
1 4 2012 14070 14064 12751 
1 2 2012 6914 
1 6 1909 14162 14163 14167 14171 14169 
1 2 1909 14159 
1 2 12858 14173 
1 2 14169 13685 
1 3 13288 2038 14151 
1 3 7959 14141 14143 
1 3 7959 14140 14142 
1 2 8006 13285 
1 6 10803 6117 14203 14204 14207 884 
1 6 884 14182 14183 8071 13694 10836 
1 6 10836 14191 13697 14193 14194 12707 
1 4 10862 9217 14222 12787 
1 5 11088 14216 14221 14226 12787 
1 3 9217 14218 14216 
1 3 1951 14253 14254 
1 2 1951 14252 
1 5 1951 14253 14214 14256 11196 
1 8 14263 14262 14266 14267 15 14309 14268 14270 
